rw     999     18.0    0.80
dbz    888     18.0    0.80
cwp    700     36.0    0.90
  t    199     60.0    0.85
 td    199     60.0    0.85
  q    199     60.0    0.85
  u    299     60.0    0.85
  v    299     60.0    0.85
 ps    199     60.0    0.85
  u    241     100.0    0.80
  v    241     100.0    0.80
  u    245     100.0    0.80
  v    245     100.0    0.80
  u    246     100.0    0.80
  v    246     100.0    0.80
  u    247     100.0    0.80
  v    247     100.0    0.80
  u    248     100.0    0.80
  v    248     100.0    0.80
  u    251     100.0    0.80
  v    251     100.0    0.80
abi      2     36.0    4.00
abi      3     36.0    4.00
abi      4     36.0    4.00
